Piskvorky 15x15, 11:11, 0
6,8,3
7,7,1
7,8,0
8,8,0
6,6,0
6,7,0
7,9,0
5,7,72860
8,7,38168
5,8,37692
6,9,26521
9,6,82737
5,10,52516
4,11,5
4,9,88260
5,9,24422
6,11,65698
7,12,21076
8,9,72869
7,10,21594
4,7,26828
5,6,20663
5,5,5
9,9,14108
4,6,19266
4,8,42333
3,8,44508
2,7,5
3,7,38782
2,8,17140
3,9,52644
3,6,14068
4,4,17949
10,10,31130
11,11,5
9,10,22669
4,5,40152
4,3,5
8,10,41573
9,8,12783
9,7,5
10,9,22809
6,4,22944
7,3,4
3,10,35105
3,11,4
8,11,31619
9,11,335
9,12,5
11,9,5
8,12,12335
8,13,4
10,8,10291
6,5,17891
10,12,20962
7,4,25187
7,5,24081
8,6,4
6,10,5435
6,12,6
3,3,6796
2,2,4
2,10,20444
4,10,5
11,12,2162
12,12,5
10,7,8
12,8,6
13,7,4
10,6,5
11,6,6
13,9,5
12,9,4
11,7,5
9,5,5
14,10,55
pbrain-YiXin2011.exe
pbrain-hewer2010.exe
-1
