Piskvorky 15x15, 11:11, 0
6,6,3
6,5,0
7,5,0
7,6,0
8,7,1
8,6,0
8,5,0
8,4,0
9,5,1
10,5,76243
7,7,99798
5,7,93136
8,8,41604
9,9,81098
7,8,72065
9,7,107066
8,9,62907
6,8,66296
8,10,43929
8,11,5
7,10,30159
6,10,28917
5,10,45669
6,9,65660
6,11,21293
5,12,48236
7,11,30462
7,9,5
7,12,37573
8,13,26243
9,10,51439
10,11,58144
9,12,44539
11,10,49832
10,7,41834
9,8,9
4,6,20182
5,6,21912
4,7,20110
4,8,22632
5,5,33621
4,4,5
9,11,12820
7,13,21343
9,13,27054
9,14,5
9,6,26268
11,8,21787
6,4,23640
7,3,14497
10,12,5384
8,12,17599
8,14,5608
11,11,13637
11,9,20190
12,11,23658
12,8,18159
11,12,15562
11,13,16345
12,14,4
13,10,5398
14,11,17
13,11,6
13,12,7
10,9,5
14,13,7
15,14,5
10,13,7
8,15,5
13,7,12894
14,12,4304
12,10,2505
12,12,10757
14,10,1615
9,15,3408
10,14,5
10,15,4163
7,15,1643
13,9,11910
3,7,9512
4,11,8252
8,3,14020
10,6,9891
11,7,7
10,8,8901
10,10,4
12,15,8013
11,15,4
5,11,7199
3,11,7
12,9,6479
14,9,5
11,6,5837
2,6,67
5,9,26
5,3,67
12,6,16
13,6,5
12,5,6
12,7,4
13,4,37
14,3,4
3,8,7
4,9,5
6,3,5
7,4,5
9,2,5
3,5,5
1,7,5
6,2,4
pbrain-YiXin2011.exe
pbrain-pela.exe
-1
