Piskvorky 15x15, 11:11, 0
6,6,3
6,5,0
7,5,0
7,6,0
8,7,1
8,6,0
8,5,0
8,4,0
9,5,1
11,5,31590
7,7,26502
11,6,28591
9,7,11709
9,6,28589
10,6,7
6,7,28587
11,7,7
10,7,28582
9,9,7
8,8,28582
9,8,6
9,10,28577
10,9,1206
12,8,28586
11,10,23749
12,11,28580
11,9,22854
12,9,28587
12,10,18085
10,8,28597
11,11,30363
11,8,28596
13,10,5
14,10,28590
10,12,94549
14,8,28585
13,8,5
9,13,28580
13,11,17467
13,12,28586
11,13,35780
11,12,28584
9,11,29997
8,10,28593
13,7,10990
13,9,28585
10,14,26022
8,9,28583
12,13,13109
7,8,28599
5,6,7
12,12,28586
14,12,14317
15,13,28593
8,11,17425
12,5,28581
10,11,6
7,11,7
10,13,7
10,15,6
12,14,6
13,15,7
11,14,6
14,3,6
13,4,6
12,7,6
12,6,6
9,12,6
9,14,6
8,14,6
13,14,23
pbrain-hewer2010.exe
pbrain-gmotor2011.exe
-1
