Piskvorky 15x15, 11:11, 0
7,6,3
6,6,0
5,7,0
5,8,0
6,9,0
7,9,0
8,8,0
8,7,0
7,7,1
7,5,27
6,7,32499
4,8,118720
6,8,71668
8,6,42712
9,8,89568
7,8,57896
9,9,76397
10,10,71549
10,8,72974
11,7,73593
10,7,63342
11,8,48019
11,6,15139
12,5,73690
8,10,18589
6,11,22728
10,5,16174
10,6,70127
9,7,39178
9,6,45906
7,11,41199
6,12,4
12,7,12648
13,8,17878
11,9,37854
8,9,20425
12,10,25907
13,11,5
8,5,11432
9,4,26280
12,9,19153
12,8,21601
13,9,28693
10,9,5
14,8,20112
11,11,21961
14,9,30727
15,9,4
12,11,10601
7,12,12411
11,12,12006
13,10,16818
9,10,19220
9,11,4
12,12,6021
12,13,4
8,12,12901
10,12,25531
9,13,9258
6,10,5
14,7,7568
14,6,4
10,14,9700
11,15,5
10,13,6824
9,14,13478
8,13,11101
7,13,10455
9,12,8443
8,11,30
4,10,10573
3,8,8368
10,11,8437
11,10,5
7,14,10813
6,15,4
14,11,13309
14,10,5
4,9,5837
12,4,15909
8,4,3308
11,3,216
13,5,5459
12,3,71
12,2,2790
10,3,17
5,9,10236
3,11,4
3,7,849
4,7,4
2,9,5
3,9,5
9,3,5
3,12,5
3,10,5
1,8,4
2,8,5
5,12,5
4,12,4
4,13,5
7,10,5
5,14,4
2,11,13
6,13,5
4,15,5
5,13,4
3,13,5
5,11,4
5,10,5
5,15,4
pbrain-YiXin2011.exe
pbrain-pela.exe
-1
