Piskvorky 15x15, 11:11, 0
7,6,4
6,6,0
5,7,0
5,8,0
6,9,0
7,9,1
8,8,0
8,7,0
7,7,1
7,5,32525
6,4,28
10,5,28588
11,4,111372
10,2,393
9,3,80100
7,2,7
8,3,94989
7,3,28583
10,4,32921
7,4,28586
7,1,6
9,5,28589
8,5,46825
8,2,28593
9,2,14
9,4,28582
11,5,63532
11,6,28583
10,6,56452
12,4,28593
9,8,73381
12,7,28584
13,8,4
10,8,28587
13,7,49910
12,6,28584
12,5,55771
13,6,28582
13,5,14211
8,10,28580
11,7,24063
9,11,28583
10,12,39424
14,5,28584
11,8,35204
7,11,28585
10,3,16654
8,1,28597
11,3,8065
12,3,28580
6,11,10314
7,10,1577
11,2,14048
11,1,7
7,12,13093
6,10,41
9,10,22783
14,6,7
15,6,4
8,12,26
5,9,12280
9,9,11
6,12,5
11,9,8
10,10,12489
9,7,7
8,6,5
12,10,6
13,11,5
12,9,6
12,8,4
10,9,37
13,9,5
13,10,6
14,10,5
pbrain-pela.exe
pbrain-gmotor2011.exe
-1
